1.00 1.00 0.10 0.10 0.10 0.87 0.93 0.73 0.87 0.87
1.00 1.00 0.10 0.10 0.40 0.83 0.87 0.77 0.90 0.87
1.00 1.20 0.10 0.10 0.10 0.90 0.90 0.77 0.83 0.97
1.00 1.20 0.10 0.10 0.40 0.80 0.83 0.67 0.77 0.83
1.00 1.40 0.10 0.10 0.10 0.87 0.77 0.60 0.97 0.77
1.00 1.40 0.10 0.10 0.40 0.83 0.87 0.70 0.90 0.83
1.00 1.60 0.10 0.10 0.10 0.87 0.90 0.67 0.87 0.80
1.00 1.60 0.10 0.10 0.40 0.77 0.77 0.73 0.87 0.93
1.00 1.80 0.10 0.10 0.10 0.83 0.90 0.80 0.93 0.77
1.00 1.80 0.10 0.10 0.40 0.87 0.83 0.73 0.93 0.73
1.00 2.00 0.10 0.10 0.10 0.90 0.87 1.00 0.90 0.87
1.00 2.00 0.10 0.10 0.40 0.93 0.87 0.83 0.90 0.97
1.00 2.20 0.10 0.10 0.10 0.90 0.87 0.83 0.83 0.80
1.00 2.20 0.10 0.10 0.40 0.93 0.93 0.87 0.90 0.77
1.00 2.40 0.10 0.10 0.10 0.77 0.90 0.87 0.90 0.93
1.00 2.40 0.10 0.10 0.40 0.93 0.93 0.87 0.97 0.77
1.00 2.60 0.10 0.10 0.10 0.87 0.90 0.90 0.87 0.90
1.00 2.60 0.10 0.10 0.40 0.90 0.80 0.80 0.87 0.80
1.00 2.80 0.10 0.10 0.10 0.83 0.90 0.83 0.97 0.80
1.00 2.80 0.10 0.10 0.40 0.97 0.87 0.67 0.77 0.83
1.00 3.00 0.10 0.10 0.10 0.83 0.83 0.90 0.87 0.80
1.00 3.00 0.10 0.10 0.40 0.93 0.90 0.93 0.80 0.90
1.00 3.20 0.10 0.10 0.10 0.83 0.90 0.87 0.93 0.87
1.00 3.20 0.10 0.10 0.40 0.83 0.97 0.87 0.90 0.87
1.00 3.40 0.10 0.10 0.10 0.80 0.87 0.90 0.87 0.87
1.00 3.40 0.10 0.10 0.40 0.83 1.00 0.83 0.90 0.93
1.00 3.60 0.10 0.10 0.10 0.73 0.87 0.87 1.00 0.90
1.00 3.60 0.10 0.10 0.40 0.80 0.93 0.93 0.90 0.90
1.00 3.80 0.10 0.10 0.10 0.80 0.93 0.97 0.93 0.87
1.00 3.80 0.10 0.10 0.40 0.83 0.90 0.90 0.97 0.80
1.00 4.00 0.10 0.10 0.10 0.83 0.87 0.87 0.87 0.90
1.00 4.00 0.10 0.10 0.40 0.87 0.90 0.97 0.90 0.70
1.00 4.20 0.10 0.10 0.10 0.97 0.97 0.93 1.00 0.77
1.00 4.20 0.10 0.10 0.40 0.83 0.93 0.90 1.00 0.87
1.00 4.40 0.10 0.10 0.10 0.93 0.80 0.77 0.90 0.87
1.00 4.40 0.10 0.10 0.40 0.90 0.83 0.90 0.83 0.80
1.00 4.60 0.10 0.10 0.10 0.90 0.80 0.80 0.87 0.80
1.00 4.60 0.10 0.10 0.40 0.93 0.90 0.80 0.83 0.80
1.00 4.80 0.10 0.10 0.10 0.93 1.00 0.80 0.90 0.80
1.00 4.80 0.10 0.10 0.40 0.83 0.90 0.87 0.80 0.73
1.00 5.00 0.10 0.10 0.10 0.90 0.80 0.83 0.90 0.83
1.00 5.00 0.10 0.10 0.40 0.77 0.87 0.90 0.83 0.77
1.20 1.20 0.10 0.10 0.10 0.83 0.77 0.80 0.73 0.90
1.20 1.20 0.10 0.10 0.40 0.90 0.83 0.80 0.73 0.87
1.20 1.40 0.10 0.10 0.10 0.87 0.93 0.83 0.93 0.87
1.20 1.40 0.10 0.10 0.40 0.87 0.93 0.73 0.87 0.97
1.20 1.60 0.10 0.10 0.10 0.90 0.87 0.83 0.93 0.83
1.20 1.60 0.10 0.10 0.40 0.93 0.77 0.80 0.90 0.90
1.20 1.80 0.10 0.10 0.10 0.73 0.87 0.87 0.93 0.87
1.20 1.80 0.10 0.10 0.40 0.80 0.80 0.80 0.83 0.90
1.20 2.00 0.10 0.10 0.10 0.87 0.80 0.83 0.93 0.93
1.20 2.00 0.10 0.10 0.40 0.90 0.87 0.93 0.93 0.97
1.20 2.20 0.10 0.10 0.10 0.93 0.93 0.80 0.90 0.80
1.20 2.20 0.10 0.10 0.40 0.90 0.80 0.83 0.93 0.87
1.20 2.40 0.10 0.10 0.10 0.80 0.90 0.87 0.83 0.93
1.20 2.40 0.10 0.10 0.40 0.87 0.83 0.83 0.87 0.80
1.20 2.60 0.10 0.10 0.10 0.90 0.90 0.97 0.83 0.87
1.20 2.60 0.10 0.10 0.40 0.90 0.90 0.97 0.83 0.90
1.20 2.80 0.10 0.10 0.10 1.00 0.90 0.97 0.87 0.90
1.20 2.80 0.10 0.10 0.40 0.87 0.93 0.87 0.90 0.97
1.20 3.00 0.10 0.10 0.10 0.87 0.90 0.83 0.73 0.93
1.20 3.00 0.10 0.10 0.40 0.90 0.93 0.90 0.90 0.90
1.20 3.20 0.10 0.10 0.10 0.93 0.90 0.87 0.77 0.93
1.20 3.20 0.10 0.10 0.40 0.83 0.87 0.97 0.90 0.83
1.20 3.40 0.10 0.10 0.10 0.87 0.93 0.87 0.90 0.70
1.20 3.40 0.10 0.10 0.40 0.80 0.90 0.97 1.00 0.97
1.20 3.60 0.10 0.10 0.10 0.80 0.90 0.90 0.77 0.90
1.20 3.60 0.10 0.10 0.40 0.90 0.90 0.90 0.97 0.83
1.20 3.80 0.10 0.10 0.10 0.90 0.93 0.90 0.93 0.97
1.20 3.80 0.10 0.10 0.40 0.83 0.97 0.83 0.97 0.77
1.20 4.00 0.10 0.10 0.10 0.83 0.93 0.97 0.90 0.87
1.20 4.00 0.10 0.10 0.40 0.87 0.90 0.87 0.87 0.90
1.20 4.20 0.10 0.10 0.10 0.97 0.93 0.97 0.90 0.83
1.20 4.20 0.10 0.10 0.40 1.00 0.87 0.93 0.83 0.83
1.20 4.40 0.10 0.10 0.10 0.93 0.97 0.77 0.90 0.60
1.20 4.40 0.10 0.10 0.40 0.80 0.87 0.80 0.83 0.80
1.20 4.60 0.10 0.10 0.10 0.97 0.87 0.80 0.83 0.70
1.20 4.60 0.10 0.10 0.40 0.80 0.87 0.87 0.80 0.80
1.20 4.80 0.10 0.10 0.10 0.93 0.97 0.80 0.83 0.67
1.20 4.80 0.10 0.10 0.40 0.87 0.83 0.87 0.90 0.87
1.20 5.00 0.10 0.10 0.10 0.77 0.83 0.87 0.73 0.60
1.20 5.00 0.10 0.10 0.40 0.93 0.77 0.90 0.80 0.80
1.40 1.40 0.10 0.10 0.10 0.93 0.97 0.83 0.77 0.87
1.40 1.40 0.10 0.10 0.40 0.90 0.93 0.80 0.87 0.87
1.40 1.60 0.10 0.10 0.10 0.93 0.93 0.77 0.77 0.87
1.40 1.60 0.10 0.10 0.40 0.80 0.93 0.93 0.80 0.90
1.40 1.80 0.10 0.10 0.10 0.87 0.83 0.80 0.87 0.90
1.40 1.80 0.10 0.10 0.40 0.93 0.87 0.80 0.83 0.90
1.40 2.00 0.10 0.10 0.10 0.80 1.00 0.73 0.87 0.90
1.40 2.00 0.10 0.10 0.40 0.80 0.73 0.67 0.67 0.90
1.40 2.20 0.10 0.10 0.10 0.90 0.83 0.87 1.00 0.77
1.40 2.20 0.10 0.10 0.40 0.90 0.90 0.87 0.93 0.83
1.40 2.40 0.10 0.10 0.40 0.97 0.83 0.73 0.93 0.63
1.40 2.60 0.10 0.10 0.40 0.87 0.90 0.77 0.93 0.90
1.40 2.80 0.10 0.10 0.40 0.87 0.87 0.83 0.87 0.87
1.40 3.00 0.10 0.10 0.40 0.83 0.97 0.83 0.90 0.90
1.40 3.20 0.10 0.10 0.40 0.87 1.00 0.87 0.80 0.83
1.40 3.40 0.10 0.10 0.40 0.93 0.90 0.80 0.93 0.63
1.40 3.60 0.10 0.10 0.40 0.90 0.90 0.97 0.93 0.73
1.40 3.80 0.10 0.10 0.40 0.90 0.87 0.80 0.97 0.80
1.40 4.00 0.10 0.10 0.40 0.90 0.93 0.97 0.93 0.53
1.40 4.20 0.10 0.10 0.40 0.90 0.93 0.80 0.77 0.43
1.40 4.40 0.10 0.10 0.40 0.90 0.87 0.87 0.73 0.37
1.40 4.60 0.10 0.10 0.40 0.87 0.87 0.70 0.87 0.70
1.40 4.80 0.10 0.10 0.40 0.90 0.87 0.93 0.93 0.57
1.40 5.00 0.10 0.10 0.40 0.80 0.77 0.63 0.80 0.57
1.40 2.40 0.10 0.10 0.10 0.97 0.97 0.83 0.93 0.87
1.40 2.60 0.10 0.10 0.10 0.97 0.93 0.87 0.83 0.83
1.40 2.80 0.10 0.10 0.10 0.90 0.90 0.83 0.87 0.97
1.40 3.00 0.10 0.10 0.10 0.83 0.90 0.80 0.77 0.80
1.40 3.20 0.10 0.10 0.10 0.87 0.97 0.83 0.87 0.83
1.40 3.40 0.10 0.10 0.10 0.87 0.90 0.93 0.87 0.90
1.40 3.60 0.10 0.10 0.10 0.93 0.97 0.70 0.90 0.87
1.40 3.80 0.10 0.10 0.10 0.93 0.87 0.93 0.90 0.67
1.40 4.00 0.10 0.10 0.10 0.93 0.80 0.83 0.83 0.77
1.40 4.20 0.10 0.10 0.10 0.87 0.87 0.87 0.87 0.83
1.40 4.40 0.10 0.10 0.10 1.00 0.87 0.73 0.77 0.63
1.40 4.60 0.10 0.10 0.10 0.93 0.90 0.70 0.87 0.63
1.40 4.80 0.10 0.10 0.10 0.83 0.93 0.93 0.83 0.60
1.40 5.00 0.10 0.10 0.10 0.90 0.83 0.77 0.90 0.63
1.60 1.60 0.10 0.10 0.10 0.90 0.83 0.87 0.80 0.87
1.60 1.60 0.10 0.10 0.40 0.90 0.93 0.87 0.87 0.77
1.60 1.80 0.10 0.10 0.10 0.83 0.87 0.67 0.93 0.80
1.60 1.80 0.10 0.10 0.40 0.87 0.90 0.77 0.90 0.80
1.60 2.00 0.10 0.10 0.10 0.83 1.00 0.80 0.90 0.80
1.60 2.00 0.10 0.10 0.40 0.90 0.90 0.80 0.93 0.83
1.60 2.20 0.10 0.10 0.10 0.87 0.90 0.80 0.90 0.77
1.60 2.20 0.10 0.10 0.40 0.90 0.80 0.83 0.93 0.63
1.60 2.40 0.10 0.10 0.10 0.93 0.90 0.93 0.97 0.77
1.60 2.40 0.10 0.10 0.40 0.97 0.87 0.80 0.87 0.73
1.60 2.60 0.10 0.10 0.10 0.97 0.90 0.73 0.93 0.83
1.60 2.60 0.10 0.10 0.40 0.83 0.90 0.83 0.93 0.53
1.60 2.80 0.10 0.10 0.10 0.87 0.77 0.80 0.93 0.90
1.60 2.80 0.10 0.10 0.40 0.80 0.90 0.70 0.87 0.80
1.60 3.00 0.10 0.10 0.10 0.87 0.83 0.97 0.83 0.73
1.60 3.00 0.10 0.10 0.40 0.97 0.87 0.77 0.90 0.77
1.60 3.20 0.10 0.10 0.10 0.90 0.83 0.90 0.97 0.60
1.60 3.20 0.10 0.10 0.40 0.93 0.87 0.83 0.93 0.80
1.60 3.40 0.10 0.10 0.10 0.90 0.93 0.80 0.90 0.67
1.60 3.40 0.10 0.10 0.40 0.77 0.83 0.90 0.90 0.63
1.60 3.60 0.10 0.10 0.10 0.93 0.93 0.83 1.00 0.57
1.60 3.60 0.10 0.10 0.40 0.90 0.93 0.90 0.90 0.60
1.60 3.80 0.10 0.10 0.10 0.93 0.83 0.87 0.97 0.40
1.60 3.80 0.10 0.10 0.40 0.93 0.90 0.73 0.93 0.50
1.60 4.00 0.10 0.10 0.10 0.93 0.93 0.77 0.87 0.37
1.60 4.00 0.10 0.10 0.40 1.00 0.80 0.93 0.93 0.37
1.60 4.20 0.10 0.10 0.10 0.90 0.87 0.93 0.77 0.47
1.60 4.20 0.10 0.10 0.40 0.87 0.83 0.87 0.80 0.40
1.60 4.40 0.10 0.10 0.10 0.90 0.77 0.70 0.57 0.43
1.60 4.40 0.10 0.10 0.40 1.00 0.90 0.77 0.80 0.27
1.60 4.60 0.10 0.10 0.10 0.83 0.60 0.83 0.47 0.37
1.60 4.60 0.10 0.10 0.40 0.80 0.63 0.73 0.43 0.40
1.60 4.80 0.10 0.10 0.10 0.80 0.57 0.67 0.37 0.37
1.60 4.80 0.10 0.10 0.40 0.80 0.63 0.53 0.53 0.47
1.60 5.00 0.10 0.10 0.10 0.83 0.83 0.57 0.50 0.33
1.60 5.00 0.10 0.10 0.40 0.93 0.87 0.70 0.67 0.37
1.80 1.80 0.10 0.10 0.10 0.83 0.93 0.90 0.80 0.87
1.80 1.80 0.10 0.10 0.40 0.93 0.97 0.97 0.97 0.93
1.80 2.00 0.10 0.10 0.10 0.93 0.97 0.77 0.93 0.83
1.80 2.00 0.10 0.10 0.40 0.93 0.87 0.97 0.77 0.83
1.80 2.20 0.10 0.10 0.10 0.93 0.87 0.90 0.90 0.70
1.80 2.20 0.10 0.10 0.40 0.73 0.93 0.87 0.87 0.77
1.80 2.40 0.10 0.10 0.10 0.93 0.83 0.93 0.87 0.83
1.80 2.40 0.10 0.10 0.40 0.93 0.97 0.93 0.90 0.77
1.80 2.60 0.10 0.10 0.10 0.97 0.90 0.90 0.90 0.90
1.80 2.60 0.10 0.10 0.40 0.83 0.90 0.90 0.97 0.80
1.80 2.80 0.10 0.10 0.10 0.97 0.93 0.87 0.93 0.87
1.80 2.80 0.10 0.10 0.40 0.90 0.93 0.87 0.87 0.97
1.80 3.00 0.10 0.10 0.10 0.90 0.87 0.87 0.93 0.73
1.80 3.00 0.10 0.10 0.40 0.90 0.90 0.93 0.87 0.70
1.80 3.20 0.10 0.10 0.10 0.93 0.97 0.90 0.93 0.57
1.80 3.20 0.10 0.10 0.40 0.90 0.90 0.93 0.87 0.63
1.80 3.40 0.10 0.10 0.10 0.97 0.97 0.97 0.93 0.43
1.80 3.40 0.10 0.10 0.40 0.90 0.93 0.93 0.87 0.53
1.80 3.60 0.10 0.10 0.10 0.87 0.87 0.87 0.90 0.27
1.80 3.60 0.10 0.10 0.40 0.93 0.97 0.90 0.93 0.27
1.80 3.80 0.10 0.10 0.10 0.87 0.93 0.90 0.90 0.27
1.80 3.80 0.10 0.10 0.40 0.83 0.90 0.97 0.93 0.27
1.80 4.00 0.10 0.10 0.10 0.93 0.93 0.97 0.83 0.37
1.80 4.00 0.10 0.10 0.40 0.83 1.00 0.93 0.90 0.30
1.80 4.20 0.10 0.10 0.10 0.90 0.93 0.87 0.80 0.37
1.80 4.20 0.10 0.10 0.40 0.87 0.97 0.90 0.77 0.37
1.80 4.40 0.10 0.10 0.10 0.93 0.90 0.80 0.60 0.13
1.80 4.40 0.10 0.10 0.40 0.90 0.90 0.90 0.60 0.23
1.80 4.60 0.10 0.10 0.10 0.87 0.70 0.63 0.40 0.30
1.80 4.60 0.10 0.10 0.40 0.97 0.77 0.63 0.57 0.23
1.80 4.80 0.10 0.10 0.10 0.77 0.60 0.60 0.53 0.27
1.80 4.80 0.10 0.10 0.40 0.77 0.77 0.63 0.47 0.30
1.80 5.00 0.10 0.10 0.10 0.93 0.80 0.70 0.47 0.23
1.80 5.00 0.10 0.10 0.40 0.93 0.70 0.53 0.53 0.27
2.00 2.00 0.10 0.10 0.10 0.90 0.90 0.83 0.87 1.00
2.00 2.00 0.10 0.10 0.40 0.97 0.90 0.87 0.83 0.83
2.00 2.20 0.10 0.10 0.10 0.93 0.83 0.90 0.97 0.70
2.00 2.20 0.10 0.10 0.40 0.97 0.90 0.90 0.90 0.87
2.00 2.40 0.10 0.10 0.10 0.97 0.97 0.63 0.87 0.70
2.00 2.40 0.10 0.10 0.40 0.97 0.93 0.87 0.93 0.87
2.00 2.60 0.10 0.10 0.10 1.00 0.97 0.83 1.00 0.83
2.00 2.60 0.10 0.10 0.40 0.90 0.90 0.83 0.97 0.80
2.00 2.80 0.10 0.10 0.10 0.93 1.00 0.87 0.80 0.80
2.00 2.80 0.10 0.10 0.40 0.87 0.80 0.90 0.87 0.70
2.00 3.00 0.10 0.10 0.40 0.80 0.83 0.93 0.90 0.80
2.00 3.20 0.10 0.10 0.40 0.90 0.83 0.80 0.93 0.53
2.00 3.40 0.10 0.10 0.40 0.97 0.93 0.73 0.83 0.23
2.00 3.60 0.10 0.10 0.40 0.87 0.83 0.80 0.87 0.43
2.00 3.80 0.10 0.10 0.40 0.83 0.93 0.70 0.73 0.43
2.00 4.00 0.10 0.10 0.40 0.80 0.67 0.83 0.80 0.47
2.00 4.20 0.10 0.10 0.40 0.87 0.80 0.87 0.73 0.33
2.00 4.40 0.10 0.10 0.40 0.83 0.77 0.67 0.50 0.23
2.00 4.60 0.10 0.10 0.40 0.87 0.67 0.50 0.40 0.20
2.00 4.80 0.10 0.10 0.40 0.70 0.43 0.37 0.53 0.13
2.00 5.00 0.10 0.10 0.40 0.77 0.40 0.63 0.47 0.33
2.00 3.00 0.10 0.10 0.10 1.00 0.87 0.97 0.83 0.80
2.00 3.20 0.10 0.10 0.10 0.93 0.93 0.90 0.87 0.37
2.00 3.40 0.10 0.10 0.10 0.90 0.87 0.83 0.93 0.33
2.00 3.60 0.10 0.10 0.10 0.90 0.97 1.00 0.80 0.50
2.00 3.80 0.10 0.10 0.10 0.90 0.93 0.87 0.80 0.40
2.00 4.00 0.10 0.10 0.10 0.90 0.90 0.90 0.70 0.20
2.00 4.20 0.10 0.10 0.10 1.00 0.97 0.87 0.63 0.27
2.00 4.40 0.10 0.10 0.10 0.90 0.77 0.67 0.43 0.23
2.00 4.60 0.10 0.10 0.10 0.83 0.73 0.47 0.40 0.33
2.00 4.80 0.10 0.10 0.10 0.83 0.80 0.57 0.50 0.23
2.00 5.00 0.10 0.10 0.10 0.87 0.63 0.53 0.53 0.13
2.20 2.20 0.10 0.10 0.10 0.93 0.93 0.77 0.87 0.83
2.20 2.20 0.10 0.10 0.40 0.90 0.87 0.93 0.93 0.90
2.20 2.40 0.10 0.10 0.10 0.97 0.90 1.00 0.90 0.83
2.20 2.40 0.10 0.10 0.40 0.93 0.93 0.90 0.93 0.80
2.20 2.60 0.10 0.10 0.10 0.83 0.97 0.93 0.97 0.77
2.20 2.60 0.10 0.10 0.40 0.93 0.83 0.83 0.90 0.77
2.20 2.80 0.10 0.10 0.10 0.93 0.93 0.93 0.93 0.73
2.20 2.80 0.10 0.10 0.40 0.93 0.93 0.97 0.97 0.80
2.20 3.00 0.10 0.10 0.10 0.87 0.90 0.97 0.90 0.60
2.20 3.00 0.10 0.10 0.40 0.90 0.93 0.87 0.93 0.63
2.20 3.20 0.10 0.10 0.10 0.93 0.93 1.00 0.97 0.37
2.20 3.20 0.10 0.10 0.40 0.93 0.87 0.90 0.87 0.33
2.20 3.40 0.10 0.10 0.10 0.93 0.93 0.90 0.83 0.33
2.20 3.40 0.10 0.10 0.40 0.87 0.90 0.90 0.90 0.23
2.20 3.60 0.10 0.10 0.10 0.97 0.93 0.97 0.80 0.23
2.20 3.60 0.10 0.10 0.40 0.83 0.83 0.90 0.90 0.27
2.20 3.80 0.10 0.10 0.10 0.83 0.83 0.80 0.80 0.37
2.20 3.80 0.10 0.10 0.40 0.90 0.80 0.90 0.60 0.27
2.20 4.00 0.10 0.10 0.10 0.90 0.97 0.87 0.63 0.30
2.20 4.00 0.10 0.10 0.40 1.00 0.93 0.97 0.70 0.13
2.20 4.20 0.10 0.10 0.10 1.00 0.93 0.87 0.47 0.20
2.20 4.20 0.10 0.10 0.40 0.83 0.93 0.97 0.37 0.27
2.20 4.40 0.10 0.10 0.10 0.90 0.93 0.77 0.47 0.13
2.20 4.40 0.10 0.10 0.40 0.90 0.83 0.90 0.40 0.30
2.20 4.60 0.10 0.10 0.10 0.77 0.63 0.73 0.50 0.20
2.20 4.60 0.10 0.10 0.40 0.97 0.57 0.53 0.33 0.43
2.20 4.80 0.10 0.10 0.10 0.97 0.60 0.63 0.33 0.17
2.20 4.80 0.10 0.10 0.40 0.93 0.80 0.53 0.33 0.20
2.20 5.00 0.10 0.10 0.10 0.83 0.73 0.40 0.30 0.20
2.20 5.00 0.10 0.10 0.40 0.87 0.73 0.67 0.17 0.17
2.40 2.40 0.10 0.10 0.10 0.90 0.97 0.97 0.93 0.90
2.40 2.40 0.10 0.10 0.40 0.87 0.97 0.90 0.93 0.77
2.40 2.60 0.10 0.10 0.10 1.00 0.93 0.87 0.90 0.70
2.40 2.60 0.10 0.10 0.40 0.90 0.87 0.87 0.97 0.83
2.40 2.80 0.10 0.10 0.10 0.93 1.00 0.93 0.97 0.73
2.40 2.80 0.10 0.10 0.40 0.90 0.97 0.87 0.93 0.60
2.40 3.00 0.10 0.10 0.10 0.90 0.97 1.00 0.87 0.67
2.40 3.00 0.10 0.10 0.40 0.93 0.93 0.90 0.90 0.57
2.40 3.20 0.10 0.10 0.10 1.00 0.87 0.90 0.90 0.33
2.40 3.20 0.10 0.10 0.40 1.00 0.93 0.93 0.87 0.27
2.40 3.40 0.10 0.10 0.10 0.93 1.00 0.87 0.80 0.30
2.40 3.40 0.10 0.10 0.40 0.97 0.97 0.90 0.87 0.33
2.40 3.60 0.10 0.10 0.10 0.97 0.97 0.83 0.77 0.50
2.40 3.60 0.10 0.10 0.40 0.90 1.00 0.80 0.73 0.37
2.40 3.80 0.10 0.10 0.10 0.97 0.83 0.93 0.73 0.27
2.40 3.80 0.10 0.10 0.40 0.93 0.97 0.90 0.77 0.27
2.40 4.00 0.10 0.10 0.10 0.90 0.90 0.73 0.67 0.47
2.40 4.00 0.10 0.10 0.40 1.00 0.80 0.73 0.77 0.40
2.40 4.20 0.10 0.10 0.10 0.97 0.87 0.70 0.77 0.27
2.40 4.20 0.10 0.10 0.40 0.90 0.90 0.43 0.73 0.50
2.40 4.40 0.10 0.10 0.10 0.97 0.90 0.50 0.37 0.27
2.40 4.40 0.10 0.10 0.40 0.93 0.90 0.77 0.50 0.03
2.40 4.60 0.10 0.10 0.10 0.90 0.53 0.73 0.37 0.30
2.40 4.60 0.10 0.10 0.40 0.90 0.90 0.50 0.37 0.13
2.40 4.80 0.10 0.10 0.10 1.00 0.80 0.40 0.40 0.20
2.40 4.80 0.10 0.10 0.40 0.83 0.73 0.60 0.40 0.17
2.40 5.00 0.10 0.10 0.10 0.87 0.80 0.40 0.27 0.17
2.40 5.00 0.10 0.10 0.40 0.73 0.50 0.33 0.37 0.10
2.60 3.00 0.10 0.10 0.10 0.83 0.90 0.70 0.70 0.37
2.60 3.00 0.10 0.10 0.40 0.90 0.90 0.70 0.90 0.27
2.60 3.20 0.10 0.10 0.10 0.90 0.93 0.80 0.57 0.37
2.60 3.20 0.10 0.10 0.40 0.87 0.83 0.87 0.73 0.33
2.60 3.40 0.10 0.10 0.10 0.83 0.93 0.70 0.70 0.43
2.60 3.40 0.10 0.10 0.40 0.87 0.87 0.67 0.83 0.40
2.60 3.60 0.10 0.10 0.10 0.83 0.80 0.77 0.83 0.33
2.60 3.60 0.10 0.10 0.40 0.83 0.87 0.83 0.67 0.13
2.60 3.80 0.10 0.10 0.10 0.80 0.80 0.60 0.43 0.37
2.60 2.60 0.10 0.10 0.10 0.93 0.97 0.87 0.83 0.77
2.60 2.60 0.10 0.10 0.40 0.90 0.90 0.97 0.93 0.70
2.60 2.80 0.10 0.10 0.40 0.77 0.77 0.87 0.83 0.40
2.60 3.80 0.10 0.10 0.40 0.87 0.87 0.80 0.60 0.23
2.60 4.00 0.10 0.10 0.40 0.83 0.83 0.67 0.40 0.17
2.60 4.20 0.10 0.10 0.40 0.83 0.80 0.70 0.47 0.23
2.60 4.40 0.10 0.10 0.40 0.90 0.83 0.70 0.33 0.03
2.60 4.60 0.10 0.10 0.40 0.93 0.80 0.60 0.37 0.20
2.60 4.80 0.10 0.10 0.40 0.77 0.60 0.37 0.40 0.33
2.60 5.00 0.10 0.10 0.40 0.63 0.47 0.37 0.30 0.27
2.60 2.80 0.10 0.10 0.10 0.97 0.93 0.93 0.97 0.60
2.60 4.00 0.10 0.10 0.10 0.83 0.73 0.73 0.50 0.17
2.60 4.20 0.10 0.10 0.10 0.87 0.83 0.40 0.47 0.30
2.60 4.40 0.10 0.10 0.10 1.00 0.83 0.53 0.33 0.37
2.60 4.60 0.10 0.10 0.10 0.90 0.77 0.63 0.27 0.33
2.60 4.80 0.10 0.10 0.10 0.70 0.57 0.50 0.33 0.27
2.60 5.00 0.10 0.10 0.10 0.53 0.47 0.30 0.20 0.23
2.80 2.80 0.10 0.10 0.10 0.93 1.00 0.93 0.97 0.13
2.80 2.80 0.10 0.10 0.40 0.97 0.97 1.00 0.97 0.03
2.80 3.00 0.10 0.10 0.10 0.90 0.93 0.93 0.83 0.30
2.80 3.00 0.10 0.10 0.40 0.97 0.93 0.90 0.83 0.23
2.80 3.20 0.10 0.10 0.10 1.00 0.90 0.97 0.80 0.20
2.80 3.20 0.10 0.10 0.40 1.00 0.97 0.93 0.83 0.20
2.80 3.40 0.10 0.10 0.10 0.97 0.93 0.87 0.77 0.13
2.80 3.40 0.10 0.10 0.40 0.83 0.83 0.80 0.73 0.27
2.80 3.60 0.10 0.10 0.10 0.97 0.90 0.90 0.53 0.30
2.80 3.60 0.10 0.10 0.40 0.97 0.90 0.67 0.53 0.33
2.80 3.80 0.10 0.10 0.10 0.93 0.97 0.80 0.30 0.40
2.80 3.80 0.10 0.10 0.40 1.00 1.00 0.87 0.33 0.27
2.80 4.00 0.10 0.10 0.10 0.83 0.77 0.50 0.50 0.27
2.80 4.00 0.10 0.10 0.40 0.97 0.87 0.33 0.50 0.30
2.80 4.20 0.10 0.10 0.10 0.90 0.73 0.50 0.37 0.20
2.80 4.20 0.10 0.10 0.40 0.93 0.90 0.57 0.30 0.17
2.80 4.40 0.10 0.10 0.10 0.93 0.83 0.40 0.27 0.30
2.80 4.40 0.10 0.10 0.40 0.93 0.83 0.47 0.40 0.20
2.80 4.60 0.10 0.10 0.10 0.90 0.80 0.50 0.37 0.33
2.80 4.60 0.10 0.10 0.40 0.97 0.80 0.40 0.43 0.27
2.80 4.80 0.10 0.10 0.10 0.90 0.77 0.30 0.27 0.33
2.80 4.80 0.10 0.10 0.40 0.93 0.77 0.33 0.20 0.13
2.80 5.00 0.10 0.10 0.10 0.97 0.67 0.27 0.20 0.20
2.80 5.00 0.10 0.10 0.40 0.97 0.67 0.30 0.30 0.23
3.00 3.00 0.10 0.10 0.10 1.00 0.97 0.67 0.87 0.23
3.00 3.00 0.10 0.10 0.40 0.97 1.00 0.83 0.90 0.17
3.00 3.20 0.10 0.10 0.10 0.97 1.00 0.27 0.83 0.47
3.00 3.20 0.10 0.10 0.40 0.97 0.93 0.40 0.87 0.47
3.00 3.40 0.10 0.10 0.10 0.93 0.93 0.43 0.77 0.27
3.00 3.40 0.10 0.10 0.40 0.87 1.00 0.40 0.80 0.40
3.00 3.60 0.10 0.10 0.10 0.93 0.97 0.27 0.80 0.37
3.00 3.60 0.10 0.10 0.40 0.90 0.93 0.30 0.70 0.40
3.00 3.80 0.10 0.10 0.10 0.97 0.87 0.23 0.40 0.30
3.00 3.80 0.10 0.10 0.40 1.00 1.00 0.33 0.40 0.30
3.00 4.00 0.10 0.10 0.10 0.93 0.93 0.40 0.60 0.33
3.00 4.00 0.10 0.10 0.40 0.90 0.93 0.40 0.43 0.37
3.00 4.20 0.10 0.10 0.10 0.90 0.87 0.50 0.30 0.37
3.00 4.20 0.10 0.10 0.40 0.90 0.87 0.53 0.27 0.10
3.00 4.40 0.10 0.10 0.10 1.00 0.83 0.43 0.40 0.23
3.00 4.40 0.10 0.10 0.40 0.97 0.93 0.47 0.43 0.10
3.00 4.60 0.10 0.10 0.10 0.97 0.87 0.43 0.33 0.23
3.00 4.60 0.10 0.10 0.40 1.00 0.93 0.33 0.27 0.20
3.00 4.80 0.10 0.10 0.10 0.93 0.73 0.37 0.33 0.30
3.00 4.80 0.10 0.10 0.40 0.97 0.67 0.43 0.13 0.37
3.00 5.00 0.10 0.10 0.10 0.90 0.60 0.30 0.23 0.20
3.00 5.00 0.10 0.10 0.40 0.80 0.57 0.33 0.17 0.27
3.20 3.20 0.10 0.10 0.10 1.00 1.00 0.30 0.83 0.50
3.20 3.20 0.10 0.10 0.40 1.00 0.90 0.70 0.40 0.20
3.20 3.40 0.10 0.10 0.10 1.00 1.00 0.37 0.67 0.40
3.20 3.40 0.10 0.10 0.40 0.93 0.93 0.63 0.33 0.37
3.20 3.60 0.10 0.10 0.10 1.00 1.00 0.40 0.47 0.20
3.20 3.60 0.10 0.10 0.40 0.93 0.93 0.53 0.40 0.23
3.20 3.80 0.10 0.10 0.10 0.93 0.90 0.33 0.23 0.30
3.20 3.80 0.10 0.10 0.40 0.97 0.97 0.23 0.37 0.23
3.20 4.00 0.10 0.10 0.40 1.00 1.00 0.40 0.40 0.10
3.20 4.20 0.10 0.10 0.40 0.97 0.97 0.27 0.23 0.20
3.20 4.40 0.10 0.10 0.40 0.97 0.97 0.40 0.17 0.13
3.20 4.60 0.10 0.10 0.40 1.00 1.00 0.13 0.17 0.10
3.20 4.80 0.10 0.10 0.40 0.97 0.87 0.27 0.13 0.07
3.20 5.00 0.10 0.10 0.40 0.90 0.70 0.27 0.10 0.20
3.20 4.00 0.10 0.10 0.10 0.90 0.93 0.27 0.27 0.23
3.20 4.20 0.10 0.10 0.10 0.70 0.70 0.30 0.10 0.13
3.20 4.40 0.10 0.10 0.10 1.00 0.93 0.43 0.17 0.13
3.20 4.60 0.10 0.10 0.10 0.97 0.97 0.37 0.07 0.30
3.20 4.80 0.10 0.10 0.10 0.90 0.60 0.23 0.37 0.20
3.20 5.00 0.10 0.10 0.10 0.77 0.50 0.13 0.17 0.13
3.40 3.40 0.10 0.10 0.10 0.97 0.97 0.33 0.10 0.23
3.40 3.40 0.10 0.10 0.40 0.97 1.00 0.53 0.17 0.10
3.40 3.60 0.10 0.10 0.10 0.93 0.97 0.03 0.13 0.33
3.40 3.60 0.10 0.10 0.40 0.93 0.93 0.30 0.20 0.13
3.40 3.80 0.10 0.10 0.10 0.97 0.97 0.07 0.20 0.13
3.40 3.80 0.10 0.10 0.40 1.00 1.00 0.23 0.17 0.07
3.40 4.00 0.10 0.10 0.10 0.90 0.90 0.17 0.10 0.20
3.40 4.00 0.10 0.10 0.40 0.90 0.90 0.33 0.17 0.20
3.40 4.20 0.10 0.10 0.10 0.93 0.93 0.20 0.30 0.27
3.40 4.20 0.10 0.10 0.40 0.97 0.97 0.13 0.27 0.10
3.40 4.40 0.10 0.10 0.10 1.00 0.97 0.27 0.17 0.13
3.40 4.40 0.10 0.10 0.40 0.93 0.93 0.10 0.17 0.20
3.40 4.60 0.10 0.10 0.10 1.00 0.93 0.27 0.07 0.03
3.40 4.60 0.10 0.10 0.40 0.97 0.87 0.33 0.10 0.23
3.40 4.80 0.10 0.10 0.10 0.90 0.90 0.03 0.00 0.10
3.40 4.80 0.10 0.10 0.40 0.97 0.87 0.10 0.07 0.17
3.40 5.00 0.10 0.10 0.10 1.00 0.90 0.07 0.07 0.03
3.40 5.00 0.10 0.10 0.40 0.93 0.73 0.17 0.17 0.10
3.60 3.60 0.10 0.10 0.10 1.00 1.00 0.00 0.07 0.23
3.60 3.60 0.10 0.10 0.40 1.00 1.00 0.00 0.27 0.07
3.60 3.80 0.10 0.10 0.10 1.00 1.00 0.03 0.00 0.20
3.60 3.80 0.10 0.10 0.40 0.97 0.97 0.07 0.07 0.27
3.60 4.00 0.10 0.10 0.10 1.00 1.00 0.13 0.00 0.07
3.60 4.00 0.10 0.10 0.40 0.97 0.97 0.10 0.03 0.10
3.60 4.20 0.10 0.10 0.10 0.97 0.93 0.03 0.20 0.10
3.60 4.20 0.10 0.10 0.40 1.00 0.93 0.07 0.17 0.07
3.60 4.40 0.10 0.10 0.10 0.97 0.97 0.00 0.10 0.23
3.60 4.40 0.10 0.10 0.40 0.97 0.87 0.17 0.13 0.07
3.60 4.60 0.10 0.10 0.10 0.90 0.90 0.10 0.10 0.13
3.60 4.60 0.10 0.10 0.40 0.93 0.93 0.00 0.10 0.10
3.60 4.80 0.10 0.10 0.10 0.93 0.90 0.03 0.03 0.10
3.60 4.80 0.10 0.10 0.40 1.00 0.83 0.13 0.10 0.07
3.60 5.00 0.10 0.10 0.10 0.90 0.63 0.23 0.03 0.07
3.60 5.00 0.10 0.10 0.40 0.90 0.67 0.20 0.03 0.10
3.80 3.80 0.10 0.10 0.10 0.97 0.97 0.00 0.13 0.17
3.80 3.80 0.10 0.10 0.40 1.00 1.00 0.02 0.08 0.25
3.80 4.00 0.10 0.10 0.40 0.90 0.93 0.03 0.07 0.30
3.80 4.20 0.10 0.10 0.40 1.00 1.00 0.00 0.00 0.43
3.80 4.40 0.10 0.10 0.40 0.93 0.97 0.07 0.03 0.43
3.80 4.60 0.10 0.10 0.40 0.83 0.80 0.03 0.07 0.20
3.80 4.80 0.10 0.10 0.40 0.87 0.80 0.03 0.07 0.17
3.80 5.00 0.10 0.10 0.40 0.87 0.70 0.10 0.03 0.10
3.80 4.00 0.10 0.10 0.10 1.00 1.00 0.07 0.00 0.10
3.80 4.20 0.10 0.10 0.10 0.90 0.90 0.00 0.00 0.07
3.80 4.40 0.10 0.10 0.10 0.97 0.97 0.00 0.00 0.13
3.80 4.60 0.10 0.10 0.10 1.00 0.97 0.03 0.07 0.03
3.80 4.80 0.10 0.10 0.10 0.80 0.77 0.03 0.03 0.10
3.80 5.00 0.10 0.10 0.10 0.90 0.80 0.10 0.03 0.17
4.00 4.00 0.10 0.10 0.10 0.73 0.80 0.17 0.07 0.40
4.00 4.00 0.10 0.10 0.40 0.60 0.70 0.30 0.03 0.43
4.00 4.20 0.10 0.10 0.10 0.67 0.63 0.10 0.13 0.33
4.00 4.20 0.10 0.10 0.40 0.67 0.60 0.20 0.07 0.30
4.00 4.40 0.10 0.10 0.10 0.73 0.80 0.13 0.13 0.27
4.00 4.40 0.10 0.10 0.40 0.67 0.80 0.37 0.07 0.17
4.00 4.60 0.10 0.10 0.10 0.77 0.73 0.17 0.00 0.20
4.00 4.60 0.10 0.10 0.40 0.63 0.73 0.23 0.07 0.23
4.00 4.80 0.10 0.10 0.10 0.70 0.63 0.27 0.17 0.07
4.00 4.80 0.10 0.10 0.40 0.83 0.73 0.23 0.13 0.10
4.00 5.00 0.10 0.10 0.10 0.70 0.37 0.23 0.17 0.17
4.00 5.00 0.10 0.10 0.40 0.80 0.57 0.07 0.30 0.10
4.20 4.20 0.10 0.10 0.10 0.73 0.77 0.27 0.10 0.10
4.20 4.20 0.10 0.10 0.40 0.80 0.70 0.17 0.13 0.17
4.20 4.40 0.10 0.10 0.10 0.73 0.77 0.33 0.03 0.03
4.20 4.40 0.10 0.10 0.40 0.73 0.57 0.33 0.07 0.07
4.20 4.60 0.10 0.10 0.10 0.87 0.77 0.17 0.10 0.03
4.20 4.60 0.10 0.10 0.40 0.87 0.80 0.17 0.10 0.07
4.20 4.80 0.10 0.10 0.10 0.77 0.60 0.33 0.10 0.07
4.20 4.80 0.10 0.10 0.40 0.77 0.63 0.20 0.07 0.10
4.20 5.00 0.10 0.10 0.10 0.53 0.50 0.10 0.07 0.10
4.20 5.00 0.10 0.10 0.40 0.40 0.43 0.10 0.03 0.07
4.40 4.40 0.10 0.10 0.10 0.77 0.67 0.27 0.03 0.13
4.40 4.40 0.10 0.10 0.40 0.80 0.73 0.30 0.07 0.23
4.40 4.60 0.10 0.10 0.10 0.67 0.73 0.20 0.00 0.13
4.40 4.60 0.10 0.10 0.40 0.97 0.93 0.00 0.03 0.07
4.40 4.80 0.10 0.10 0.40 0.87 0.80 0.03 0.00 0.03
4.40 5.00 0.10 0.10 0.40 0.80 0.37 0.03 0.30 0.13
4.40 4.80 0.10 0.10 0.10 0.77 0.77 0.00 0.00 0.10
4.40 5.00 0.10 0.10 0.10 0.87 0.40 0.00 0.47 0.07
4.60 4.60 0.10 0.10 0.10 0.87 0.77 0.27 0.00 0.30
4.60 4.60 0.10 0.10 0.40 0.80 0.73 0.20 0.07 0.43
4.60 4.80 0.10 0.10 0.10 0.70 0.57 0.23 0.20 0.10
4.60 4.80 0.10 0.10 0.40 0.77 0.60 0.20 0.07 0.17
4.60 5.00 0.10 0.10 0.10 0.77 0.47 0.13 0.27 0.10
4.60 5.00 0.10 0.10 0.40 0.80 0.40 0.10 0.20 0.17
4.80 4.80 0.10 0.10 0.10 0.87 0.73 0.27 0.07 0.03
4.80 4.80 0.10 0.10 0.40 0.67 0.63 0.17 0.13 0.10
4.80 5.00 0.10 0.10 0.10 0.70 0.47 0.13 0.17 0.13
4.80 5.00 0.10 0.10 0.40 0.80 0.30 0.23 0.33 0.30
5.00 5.00 0.10 0.10 0.10 1.00 0.94 0.00 0.00 0.09
5.00 5.00 0.10 0.10 0.40 1.00 0.97 0.00 0.03 0.03
